  0   1   2   3 |   4   5   6   7
  9   8  11  10 |  13  12  15  14
 18  19  16  17 |  22  23  20  21
 27  26  25  24 |  31  30  29  28
 36  37  38  39 |  32  33  34  35
 45  44  47  46 |  41  40  43  42
 54  55  52  53 |  50  51  48  49
 63  62  61  60 |  59  58  57  56
 72  73  74  75 |  76  77  78  79
 65  64  67  66 |  69  68  71  70
 90  91  88  89 |  94  95  92  93
 83  82  81  80 |  87  86  85  84
108 109 110 111 | 104 105 106 107
101 100 103 102 |  97  96  99  98
126 127 124 125 | 122 123 120 121
119 118 117 116 | 115 114 113 112
144 145 146 147 | 148 149 150 151
153 152 155 154 | 157 156 159 158
130 131 128 129 | 134 135 132 133
139 138 137 136 | 143 142 141 140
180 181 182 183 | 176 177 178 179
189 188 191 190 | 185 184 187 186
166 167 164 165 | 162 163 160 161
175 174 173 172 | 171 170 169 168
216 217 218 219 | 220 221 222 223
209 208 211 210 | 213 212 215 214
202 203 200 201 | 206 207 204 205
195 194 193 192 | 199 198 197 196
252 253 254 255 | 248 249 250 251
245 244 247 246 | 241 240 243 242
238 239 236 237 | 234 235 232 233
231 230 229 228 | 227 226 225 224
288 289 290 291 | 292 293 294 295
297 296 299 298 | 301 300 303 302
306 307 304 305 | 310 311 308 309
315 314 313 312 | 319 318 317 316
260 261 262 263 | 256 257 258 259
269 268 271 270 | 265 264 267 266
278 279 276 277 | 274 275 272 273
287 286 285 284 | 283 282 281 280
360 361 362 363 | 364 365 366 367
353 352 355 354 | 357 356 359 358
378 379 376 377 | 382 383 380 381
371 370 369 368 | 375 374 373 372
332 333 334 335 | 328 329 330 331
325 324 327 326 | 321 320 323 322
350 351 348 349 | 346 347 344 345
343 342 341 340 | 339 338 337 336
432 433 434 435 | 436 437 438 439
441 440 443 442 | 445 444 447 446
418 419 416 417 | 422 423 420 421
427 426 425 424 | 431 430 429 428
404 405 406 407 | 400 401 402 403
413 412 415 414 | 409 408 411 410
390 391 388 389 | 386 387 384 385
399 398 397 396 | 395 394 393 392
504 505 506 507 | 508 509 510 511
497 496 499 498 | 501 500 503 502
490 491 488 489 | 494 495 492 493
483 482 481 480 | 487 486 485 484
476 477 478 479 | 472 473 474 475
469 468 471 470 | 465 464 467 466
462 463 460 461 | 458 459 456 457
455 454 453 452 | 451 450 449 448
