(cuda-gdb) p ((@generic half*)A)[4096*0]@64
$248 = {-0.9248, -0.42529, -2.6445, 0.14514, -0.12085, -0.57959, -0.62305, -0.32837, -1.0742, -0.36304, -1.6709, 2.2656, 
  0.31177, -0.1842, 1.2871, 1.1816, -0.12708, 1.2168, 1.4355, 1.0605, -0.49414, -1.4248, -0.72461, -1.2969, 0.069702, 
  -0.0074081, 1.8965, 0.68799, -0.077942, -0.8374, 1.3506, -0.28784, -0.59668, -0.32837, -0.90869, -0.80615, -0.74072, 
  -0.050385, 0.54346, 1.5146, 0.014122, 0.45312, 1.6348, 0.7124, -0.18054, 1.0254, -1.4619, -0.75537, -0.18359, 0.38232, 
  0.39185, -0.083008, 0.89697, -1.1123, 0.11163, 0.48633, -0.5498, -0.323, -0.54688, 0.90479, 0.28369, 0.12103, 0.4729, 
  -1.082}
(cuda-gdb) p ((@generic half*)A)[4096*1]@64
$249 = {2.2891, 0.15161, 2.0664, -1.1768, 1.5684, -0.83984, -0.93359, 0.64795, 1.3965, -0.3938, 1.3438, 1.4814, 1.7949, 
  1.5107, 0.63477, 1.1084, 0.67969, 0.29199, -0.56201, 0.045197, 0.40332, -0.15662, -0.081543, 0.42847, -0.17322, 0.23047, 
  0.65869, 0.87939, -0.26172, -1.4893, -0.50342, -0.28345, -0.29468, -0.57471, -0.95752, -0.45776, 1.4883, 0.12732, 
  0.96924, 0.10059, 0.5166, -0.0034466, -0.28442, -0.49902, 1.6143, 0.70264, 0.43579, 0.26123, 1.1182, 0.95801, -0.47583, 
  -0.023071, 0.80176, -0.086548, -0.32959, 0.3042, -1.8643, -1.5254, -1.3076, -0.58252, 0.93115, -0.88916, 1.1094, 0.59766}
(cuda-gdb) p ((@generic half*)A)[4096*2]@64
$250 = {-0.87744, 0.76416, 1.543, -0.58203, -0.13562, 0.97363, -1.1504, -0.1676, -0.81201, -0.14917, -0.28662, -1.2881, 
  0.77344, 1.0449, 0.40503, -0.92871, -1.1855, -2.1504, 0.4104, 0.38037, -0.42505, -1.3838, -0.203, -0.64014, 0.54004, 
  0.13403, 0.51904, 0.15784, 0.047119, 1.75, -1.8516, -0.1427, -0.34302, -0.73682, -1.2334, 1.0205, -1.002, 0.0094681, 
  1.9912, -0.85791, -0.61426, -0.13757, -0.22925, 0.6084, -1.2324, 0.92139, -0.78174, -1.4746, -0.27222, -0.41089, -1.1816, 
  -0.80615, -3.1309, -0.92529, 1.8506, -0.29517, -0.02507, -0.45654, -0.81689, -1.0127, 0.58398, 0.017654, 0.20117, 
  -0.53174}
(cuda-gdb) p ((@generic half*)A)[4096*3]@64
$251 = {-1.1934, 0.73877, 0.041229, -0.87891, -0.70703, -0.088806, 1.2061, 0.52734, -0.98291, 1.7148, -0.52197, 1.8838, 
  -0.73145, 1.3789, -0.70654, -0.89209, -1.1475, 0.54688, 1.4023, 0.29004, 1.2012, -0.59717, -1.1113, -1.0156, -1.2139, 
  -0.44336, -1.7773, -0.46973, -0.17859, 0.57568, -0.48657, 1.9971, -0.75049, -0.88037, 1.0615, -0.52002, 0.27954, 
  -0.62402, -0.2356, -0.9458, -0.89844, -0.19824, -0.42407, -0.9043, 0.14966, 2.0078, 0.80664, -0.80908, 2.6484, 0.38306, 
  -0.56055, -0.31934, 0.71875, -0.52832, 1.3154, 0.89551, 0.48047, -0.23132, -0.20178, 0.38062, -0.53711, 0.37646, 
  -0.73877, -0.61182}
(cuda-gdb) p ((@generic half*)A)[4096*4]@64
$252 = {0.13538, 0.25342, 0.90869, -0.23669, 0.77051, -0.48413, -0.10229, -0.25366, 1.5127, 0.51904, -0.36792, -0.75146, 
  0.42676, 0.92285, -0.32251, -1.0898, -0.15002, -1.5791, 0.88818, 1.5059, 0.57959, -1.2715, -0.62451, 0.79248, 0.7793, 
  1.5186, -1.9043, -0.68457, 0.94824, -1.7529, 1.5156, -1.2725, 0.05542, -0.67188, -0.20215, 0.071777, -1.0791, 1.9248, 
  -2.123, 0.52637, 0.43262, 0.008667, 0.66357, -0.79834, -0.5835, -0.022293, -0.7998, 0.36426, 0.23218, -0.25269, 
  -0.024734, 0.15588, 0.33984, -0.48657, -0.062439, 1.2256, 0.00058794, 1.8174, 0.604, 0.52539, 0.84277, -1.8389, -1.3145, 
  -0.56885}
(cuda-gdb) p ((@generic half*)A)[4096*5]@64
$253 = {0.73828, 2.1484, -0.74805, -1.5342, 0.75928, 2.0137, 1.6523, -0.63379, -1.2021, -0.32495, -1.1445, 1.8516, 
  -0.30664, -0.65771, 1.04, 1.1797, -0.74854, 1.9053, 0.17798, 1.085, -0.60645, -0.89062, 0.59033, 1.2852, 1.1504, 1.2607, 
  1.0859, -1.0762, -0.47705, 1.0215, 1.0215, -1.1318, 0.51367, -0.36206, 0.23743, -1.1797, -1.4658, 1.7236, -0.71436, 
  0.5127, 1.0234, -0.20056, -0.85693, 0.026611, -1.0107, -0.67334, 0.75537, 1.375, -0.74365, 0.26343, -0.66406, -0.16016, 
  -1.0908, 0.17212, 0.54346, 0.28955, 1.5137, 0.84863, 1.3379, -0.88965, -1.4834, 0.40698, -1.458, 0.33301}
(cuda-gdb) p ((@generic half*)A)[4096*6]@64
$254 = {-0.7041, -0.8833, -0.37671, 1.498, 0.78369, -0.18542, 1.3799, -1.0918, -1.2744, 0.32251, 0.78174, -1.7158, 0.82861, 
  -0.10345, -0.4707, -0.24597, -0.20581, 0.62744, 0.35815, -0.52979, -0.64404, 0.19177, 1.3193, -1.0869, -0.79395, 0.33545, 
  0.042084, -1.3135, -1.5342, 0.73291, 1.3184, 0.56299, -0.56055, 0.42627, 0.79297, -0.7915, -0.3623, 0.86719, 1.1777, 
  -0.08905, -1.5869, -1.2256, -0.479, 0.0050583, -0.31494, -2.0664, -0.51807, -0.52002, -0.19092, 0.85107, -0.45483, 
  2.1426, -0.64697, 0.6499, 0.76709, -0.81299, 0.47534, -0.61719, -1.9492, 0.85596, -0.73926, -0.43628, -0.3291, 0.55957}
(cuda-gdb) p ((@generic half*)A)[4096*7]@64
$255 = {1.4395, -0.70117, 1.1816, -0.72461, 1.7588, -0.91992, 1.3574, -0.67236, -1.2539, 1.0615, 0.20764, 0.25049, 1.8184, 
  1.0381, 0.79834, 1.0361, 1.5498, 1.374, -0.88135, -0.79932, 1.4697, 0.78857, -0.80713, 0.55859, 0.1958, -0.040527, 
  -2.3965, -2.2012, -0.53418, -0.94531, -1.0605, 0.45264, -0.27344, 1.2021, 1.1709, 0.86572, 0.82568, -2.1953, -0.63086, 
  -0.14038, 0.16833, 0.59082, 0.70605, 1.3877, -0.094116, 0.8042, 1.041, 0.4043, 0.30298, 0.67041, 1.1318, -0.56543, 
  -1.5127, -0.30542, 1.7393, 1.8398, 0.80908, 1.7773, -1.0947, -1.0674, -0.049255, -2.1094, -0.30322, 0.56201}
(cuda-gdb) p ((@generic half*)A)[4096*8]@64
$256 = {-0.82178, -1.2627, 1.1641, 2.0508, -0.32837, 1.0029, 1.9893, -0.66797, -0.0046768, -0.39185, -0.099121, 0.61426, 
  -1.9121, -0.030533, 0.4502, -1.3545, -0.21472, 1.4707, -0.36963, 0.86035, -0.44336, 0.24536, -0.68701, 0.72461, -0.51221, 
  0.021927, -1.1084, 1.043, 1.8633, 1.4424, 0.077576, 0.29614, -1.0771, 0.91211, 0.76025, 2.1328, 0.67041, 0.76807, 
  -0.60156, 0.0081558, -1.4297, -0.19751, 0.44214, 1.2441, -0.35571, 0.22119, 0.70898, -0.82227, -1.7939, 0.81982, -1.1377, 
  -2.1289, -0.34058, -0.604, -0.87402, 0.72021, -0.49951, 0.67188, -1.8418, 0.14319, -1.0996, -1.0576, 0.20691, 0.69092}
(cuda-gdb) p ((@generic half*)A)[4096*9]@64
$257 = {0.90088, 0.59863, 0.31689, -1.3701, 0.37671, 0.06488, -0.59082, 0.31934, -0.43335, 0.46777, -0.025009, 0.52441, 
  -0.59521, 0.91797, -0.36523, -0.75928, -0.61719, -0.44849, 0.099915, 0.70605, -1.4834, 0.39722, 1.5908, 1.3789, 0.39282, 
  0.22083, -0.81494, -0.090149, -1.0068, -0.32422, 0.2749, -0.81787, 1.2393, -0.72266, 0.34033, -1.0977, 0.0040245, 
  0.26685, -1.0332, 0.22363, -0.60449, -1.207, -0.1134, -0.12402, 0.56445, -0.19507, 0.74463, -1.5771, -0.79395, 1.9814, 
  -1.3643, -0.082092, -0.48804, -1.9629, 0.58252, -0.74756, -1.6123, -0.70215, -0.53467, 1.2725, -0.054443, 1.251, 1.7979, 
  -0.77246}
(cuda-gdb) p ((@generic half*)A)[4096*10]@64
$258 = {1.7666, -0.56348, -0.22925, 0.26367, -0.83301, -1.1523, 0.96533, 1.1592, -2.0508, -2.3359, 0.2373, -0.0035267, 
  -2.5156, -0.42749, 0.40576, 0.57568, -0.21118, 0.87549, -0.11194, 0.68262, 0.47534, 0.50488, 0.10309, -0.015221, 
  0.082092, -0.63086, 0.34253, -0.73486, 0.58203, 1.0029, 0.2688, -0.98486, 0.60693, 0.35083, 1.3252, -0.35352, -1.5352, 
  -0.57227, 0.69287, 0.029816, 0.56885, 0.80664, -1.2598, -1.6748, -1.8271, 1.9375, -0.44385, 0.40601, -0.56543, -0.022949, 
  -0.33276, 0.48608, 0.083496, 1.1875, 0.28931, -0.979, -0.063049, 0.88379, -0.63574, -0.43921, -0.59473, -0.11914, 
  -0.57764, -0.61035}
(cuda-gdb) p ((@generic half*)A)[4096*11]@64
$259 = {0.096924, -0.26025, 0.40479, -1.2305, 0.85693, 0.99658, 0.49609, -1.0088, 0.40869, 0.051483, -1.082, -1.583, 
  1.3545, -1.0518, -0.031052, 0.1781, -1.8477, 0.17407, -0.4231, 1.2031, -1.5312, 0.55908, -0.81299, 1.1143, 1.7764, 
  -0.58984, -0.092407, -0.4519, -2.0449, 0.55322, 1.0225, -2.418, -1.2432, -0.79492, -0.5459, 0.34937, -0.019028, -1.6318, 
  0.20007, -1.2705, -0.17468, -1.6357, -1.6758, -0.12915, 0.49707, -0.048798, 0.46802, 1.5898, -0.70117, 1.1865, 1.7852, 
  -1.9238, -0.56934, 0.63623, 0.19092, -0.11255, 1.0957, -1.1055, 1.9854, -0.22156, 0.41724, 1.3164, -0.40576, -0.10046}
(cuda-gdb) p ((@generic half*)A)[4096*12]@64
$260 = {1.042, -0.66162, 0.35059, -0.52197, -0.37573, -1.25, 0.48657, 0.49878, 0.67383, 0.87939, -1.1514, -0.39429, 
  -1.1211, 2.0117, 0.8374, 1.2012, -0.3457, -0.24744, -0.41626, 1.166, 0.38184, 1.4883, 1.4971, -2.0039, 0.77832, -0.24524, 
  0.87354, -0.71924, -0.42505, 0.26782, 1.085, -1.4707, 1.1953, -1.2188, -0.52686, -0.67969, -1.1279, -0.080566, 1.1631, 
  0.79297, -0.43579, 0.32275, -1.1064, 1.5557, 0.91406, 0.17688, 1.7305, 0.92139, 0.32446, -0.33423, 0.4978, -0.39624, 
  0.034302, 0.34644, 0.46484, 0.28809, 0.14075, -0.64746, -0.47827, 1.0068, 1.2559, 1.0664, 0.42871, -0.85547}
(cuda-gdb) p ((@generic half*)A)[4096*13]@64
$261 = {0.58838, -0.85791, 1.541, -0.28223, -0.49658, -0.43896, 1.5059, -0.48022, -0.24915, -0.3811, 1.4941, -1.3906, 
  -1.0557, -0.8877, -0.77979, -1.0039, 1.3447, -0.0073357, 1.3203, 1.1533, 0.71729, -0.14246, 1.0889, 0.302, -0.55127, 
  0.87646, -0.14478, -0.37476, 1.2852, 1.2627, -0.98242, 1.7881, 0.095886, -0.55176, -1.3486, -0.79443, 0.99805, -0.26636, 
  -1.1309, 0.56738, 0.45654, 1.2012, 0.40576, 0.068848, 0.31787, 0.54785, 0.0023613, -0.15259, 1.3682, 1.6396, 0.40186, 
  0.14697, -0.22681, 0.15698, 1.2285, 0.32397, 0.65527, 0.95947, 0.45508, -0.29541, 0.26172, -0.8877, 0.78564, -0.24878}
(cuda-gdb) p ((@generic half*)A)[4096*14]@64
$262 = {-0.02034, -1.8311, -0.89453, -0.29712, 0.23975, -1.0439, 1.1689, 1.415, 0.20325, -1.7998, 1.8926, 0.60303, 0.36499, 
  -0.80127, -0.99512, 0.65674, 1.5781, -1.6875, 0.51123, -0.2915, 0.30908, -1.5029, -1.2305, -0.7666, 0.21777, 0.49048, 
  0.28613, 2.0488, 0.33594, 2.5312, 1.6797, 2.248, 0.96777, -0.41235, 0.49097, 0.28442, -0.37817, 0.05719, -0.39746, 
  0.40332, 0.49731, 0.044617, -0.9043, -1.249, 2.1992, 0.89014, -1.5264, 0.21216, -0.80664, -0.086426, 1.1465, 2.2793, 
  0.19434, -2.1562, 0.68457, 0.51953, 0.86816, -0.76123, 0.31812, -1.166, -0.65283, 0.83691, -1.9453, -0.94531}
(cuda-gdb) p ((@generic half*)A)[4096*15]@64
$263 = {0.89648, -2.7754, -0.17334, 0.99219, -1.4043, 0.56104, 0.54248, 0.29492, 1.2646, -0.30933, 1.2773, 0.95898, 0.2937, 
  -0.25366, -0.40869, 2.0312, -1.2744, -1.2109, -0.92822, 1.9375, 1.2217, 1.7383, -0.53076, -1.2832, -0.56299, -0.3418, 
  -0.088379, -0.81396, 0.51025, 0.85938, 0.22595, 0.48315, -1.3379, 0.83008, -0.43359, -1.4062, 1.3447, 3.5469, 0.71973, 
  -0.50244, -0.83154, -1.5117, 1.2246, -0.28979, 0.16943, -1.4453, 0.37793, -0.57764, 1.6426, 1.7119, -0.67236, -1.2148, 
  1.498, 0.20752, 2.0508, -1.9189, 0.71924, -0.6001, -1.0615, 1.1553, -2.0293, 0.044678, 0.80322, 0.4165}
(cuda-gdb) p ((@generic half*)A)[4096*16]@64
$264 = {0.95508, 0.7998, 0.12976, 0.98438, -0.27173, -1.0938, -0.98779, 0.98389, -0.29102, 0.16052, -0.58887, 0.19739, 
  -0.1665, -0.59961, -0.011063, -0.1488, -1.2285, -0.75732, 0.51807, -1.6973, 1.3525, -0.93408, -0.43555, 0.94824, 
  -0.22144, -1.2451, 1.3418, 1.4492, -0.44629, -1.4912, -0.51416, -1.8252, -0.76807, -0.55762, -1.6611, 0.40283, -0.42725, 
  0.729, 0.42749, -0.6582, 0.15039, -1.4443, -0.28931, -0.34448, 0.25171, -0.92188, 0.39868, 0.44165, -1.1523, -0.45752, 
  -0.30444, 0.63574, 1.0068, -0.41772, 1.2568, -0.59912, 0.30786, -1.166, -0.083679, -1.4238, 0.027603, 0.024689, 1.4043, 
  1.3711}
(cuda-gdb) p ((@generic half*)A)[4096*17]@64
$265 = {0.26392, 0.41333, 1.2754, 0.63135, -0.14062, 0.44141, -0.55273, -1.167, 0.67285, -0.40991, 0.13025, 0.4187, 
  0.69531, -0.069153, 1.5996, 0.47217, 0.089539, 1.2891, -1.8994, -0.85107, 0.043671, 0.53613, -0.7832, 1.2236, 0.16187, 
  0.56055, -0.23621, -0.99805, -0.64844, 0.95068, -0.09137, 0.31738, 0.68164, 0.15906, -0.79053, -0.037628, -0.0036678, 
  1.1465, -0.088623, -1.2129, -0.46533, -2.2422, 0.49072, 1.9629, -1.4238, -0.12573, 0.37085, -1.5938, 0.41724, -0.32544, 
  -1.2793, -0.08728, 0.58838, 0.73389, -1.7998, -2.3555, -1.6416, 0.55469, 0.37891, -0.68408, 0.31641, 0.229, -1.291, 
  -1.7393}
(cuda-gdb) p ((@generic half*)A)[4096*18]@64
$266 = {-0.32568, -1.4619, 0.10388, -0.22803, -0.82373, -0.040741, 0.70215, -0.396, -1.0918, -0.23889, 0.96094, -1.5859, 
  -1.2402, -1.3535, 0.69092, 0.23181, -1.4912, 0.60986, -0.61133, 0.21826, -1.1094, -0.4751, 2.0898, -0.17871, -1.3057, 
  -1.542, 0.74854, -2.7734, 0.025101, 1.1797, -2.0352, 0.24109, 1.9072, -0.34277, 0.65234, 0.36694, -0.6333, 1.5439, 
  -0.41187, 0.099609, 0.4248, 0.28662, -1.3496, 0.23401, -0.92334, -0.032593, -0.42798, -0.2832, 2.3789, -0.24927, -2.543, 
  0.45728, 1.4033, 1.5615, -1.4609, 0.95605, 2.5898, 0.53955, -0.47949, 0.73242, 0.073547, -0.47852, -0.28442, -0.44556}
(cuda-gdb) p ((@generic half*)A)[4096*19]@64
$267 = {-0.063049, 1.0234, 0.10077, 0.40381, 0.95264, 0.5957, 1.1172, 0.33398, -0.94434, -0.36548, -0.18665, 1.3438, 
  1.1104, -0.088684, -0.77539, 0.036469, -3.3438, -2.6309, 0.41284, 1.4844, 0.23645, 0.33667, 1.3916, -1.3086, -0.72998, 
  1.4219, 1.7129, 1.5801, 0.036224, -1.3164, -0.48853, -1.0215, 1.125, 0.26733, -0.21143, 0.521, -1.0693, -1.0928, 1.6572, 
  -0.6333, -0.31641, 0.21802, -0.71582, 1.2021, 0.65674, 0.049316, -1.7129, -0.36328, 0.88281, 0.38281, -1.0967, 0.30225, 
  -1.5332, 0.51465, -0.05188, 2.1055, 0.027222, -0.49243, -0.14978, 0.024734, 0.083435, 0.37256, 1.3027, -0.21155}
(cuda-gdb) p ((@generic half*)A)[4096*20]@64
$268 = {-1.8613, 0.036469, 0.61572, 1.0039, -1.2236, -0.76172, -0.59521, 1.7412, 0.31567, 0.49463, -0.78223, -0.91016, 
  -1.6777, -0.10687, 0.028946, 0.072144, 0.51318, 2.1348, -0.34912, -0.10034, -0.29199, -0.46045, 1.1191, -0.66797, 
  -1.7002, 2.2891, 0.58496, -0.39575, 0.050873, 0.22583, -0.55762, -0.8501, -0.99854, 1.7168, -0.29663, 0.49878, 0.99023, 
  0.92676, 0.63965, 0.66992, -0.10492, 0.072205, 1.8232, 0.67334, -0.16052, 1.4727, 0.53809, 0.051392, 0.21606, -0.1886, 
  0.90576, -0.4314, -1.3301, -0.90088, -1.0811, 0.35693, 1.2627, -1.3545, 0.019104, 0.18396, -1.499, -0.14343, -1.0752, 
  1.0039}
(cuda-gdb) p ((@generic half*)A)[4096*21]@64
$269 = {-0.2168, 0.5127, -1.4922, 0.31445, 0.54297, 0.7666, 0.44458, 0.41675, -0.12219, 0.13123, 0.25781, 0.74219, 1.5947, 
  -0.1842, 0.40747, -2.0859, 1.3281, 0.59619, -0.28687, -0.34863, -1.5723, -1.6025, -1.9873, 0.27515, 0.42603, -1.0127, 
  -0.35449, 1.0088, -1.0137, 0.19568, 0.28198, 0.6123, -0.19531, 1.2354, -0.92236, 0.47144, -1.9072, 0.86719, -0.40405, 
  0.033966, -0.29639, -1.0615, 0.27832, 0.22034, -1.3496, -1.2012, -0.31396, -0.46851, -0.60986, 0.092285, 1.1924, 
  -0.39355, 1.4492, -0.031708, 2.4824, -0.57812, 0.224, -0.31592, 0.080566, -0.12299, 0.24841, 1.1943, -0.8877, 0.13843}
(cuda-gdb) p ((@generic half*)A)[4096*22]@64
$270 = {0.74609, 1.6699, 0.15479, -0.40039, 0.82275, 1.8867, -0.44287, 0.44263, -0.076294, 1.0869, -1.1211, -0.14685, 
  -1.8545, 0.54492, -2.6113, 0.84668, 0.3645, 0.87988, 0.96484, 0.271, 0.99219, -1.2031, 1.3164, 0.85791, -0.88086, 
  0.56152, -0.73193, -0.63574, 0.83838, -0.20947, 0.94971, 0.93311, 0.62354, -0.027298, -0.65527, 0.46118, 0.62598, 
  0.032898, -0.85547, -0.55762, 0.71484, 0.15552, -0.52295, 0.98682, -0.15039, -1.793, 0.42749, 1.8652, -0.66602, 1.1738, 
  -2.5996, 0.23975, -0.75732, 0.35278, 0.89893, -0.54199, 0.23645, -0.62842, 0.024368, -0.4563, -0.26318, 2.1875, 1.5371, 
  -0.90283}
(cuda-gdb) p ((@generic half*)A)[4096*23]@64
$271 = {-1.6738, 0.39258, 0.96631, -0.28027, -0.034973, 0.7041, 1.3457, 0.15173, -1.2188, -2.0332, -0.11951, 0.19128, 
  -0.72314, 0.84912, -0.68262, -1.2627, -0.13696, 0.78516, 0.54541, 0.43188, 0.2644, -0.3252, 0.99463, -1.123, 0.20459, 
  0.62451, 0.27686, 2.082, 0.40991, -0.76172, -1.4873, 1.4551, -0.55859, 0.91553, -1.1523, 0.40576, -0.99072, 0.53564, 
  0.76123, -0.19507, -0.044678, 0.36572, -0.14258, 2.1855, -0.38965, 0.046021, 0.88574, 0.015564, 0.97217, 0.37817, 
  0.85986, -0.8208, -1.0723, 0.84326, 1.5127, -0.87842, 1.6328, 0.51758, 0.062012, -0.13928, 1.043, 0.54688, -0.22095, 
  2.7363}
(cuda-gdb) p ((@generic half*)A)[4096*24]@64
$272 = {-1.0713, -1.248, -2.2461, 1.0293, -0.93213, 0.16089, 1.6592, -1.2207, -0.78613, -0.88916, -1.623, 0.23926, 0.68115, 
  -1.5176, 0.063843, -0.26025, 0.729, -1.4844, 0.65381, 1.3193, 0.7666, 0.38452, 0.84863, -0.031372, -0.18347, 0.58301, 
  0.0016642, -0.1792, 0.081177, -1.2607, 0.19617, -0.60254, 1.5615, 0.0010433, -0.25586, 2.125, 0.030289, -0.070557, 
  -0.48755, -0.92627, -0.75342, -0.083862, -1.6523, 0.38062, -1.7344, -0.39868, -1.3203, -1.1465, 0.31519, 0.13635, 
  -1.6348, 0.36499, 0.46851, -0.6958, 0.854, 1.5781, -0.095947, -1.7822, -2.2324, -0.52295, -1.3438, 0.97412, 2.1133, 
  2.3633}
(cuda-gdb) p ((@generic half*)A)[4096*25]@64
$273 = {2.3008, 0.42725, 1.5752, -1.7227, -1.1787, 0.92383, 0.52002, -0.51514, 1.0176, 0.2323, -0.86377, 0.025101, 0.66895, 
  -1.6338, -0.072998, -1.7559, 0.72412, 0.92236, -1.248, 2.2207, -0.52637, -0.18506, -0.71436, -0.68359, 0.35352, 1.1602, 
  -0.14502, -0.41846, 1.2363, 1.9844, 0.69238, -0.40894, 1.1289, 0.21021, -0.073059, -1.0098, -1.0371, 1.1113, 1.2246, 
  0.49146, -0.68066, 0.47803, -0.69189, -0.6167, 0.1582, 0.27832, 1.2656, -0.60303, 0.8667, -1.1582, -0.04837, -0.34399, 
  -0.77002, 0.17688, 0.57666, 0.32568, -1.4932, -0.61035, -1.3027, 0.13, 0.31616, -0.55811, -0.6084, 0.34741}
(cuda-gdb) p ((@generic half*)A)[4096*26]@64
$274 = {-0.33984, 0.98584, 1.3945, 1.1758, -1.1855, -0.4646, 0.38599, -0.93164, 0.9126, 0.83887, 0.14526, -2.248, -1.0752, 
  -1.0996, -0.36792, 0.21655, 1.1035, -1.9814, -0.76758, 0.98145, 0.84033, 1.0957, 1.6152, -0.66064, -1.3379, 0.66309, 
  -1.8066, 0.3584, 0.69287, -0.42993, -1.5322, 0.065857, 1.457, 0.5127, -1.0967, 1.3838, -0.38574, -0.82568, 0.75977, 
  1.1934, 0.73828, -0.69385, 0.47656, -1.1758, 0.48779, -2.4141, -1.1592, -0.038483, 0.20056, -0.28735, -0.70703, 0.11499, 
  0.74365, -2.6719, -1.0977, -1.1768, 0.074036, 0.45923, -0.30566, 0.77295, -0.19824, -0.87451, 0.75098, 1.0605}
(cuda-gdb) p ((@generic half*)A)[4096*27]@64
$275 = {-1.3369, 2.5469, 0.2085, -0.87451, -3, -0.77832, 2.4766, 1.0342, 0.22693, -0.82861, 0.65967, 0.14954, -0.60156, 
  1.2959, -0.56348, -0.82959, -0.56348, -0.80273, 0.96191, -0.086792, -0.57178, -0.73633, 0.37158, 0.21606, 1.1719, 
  -0.13477, -1.5693, -0.071228, -0.54199, -1.1377, -1.001, 0.059143, -0.45581, 0.36108, 0.30811, 0.17505, 0.10284, 0.33643, 
  -1.2139, 1.5049, -0.58594, 0.33057, 0.24255, -0.95361, 0.13306, 0.32153, 0.35669, 1.0449, -0.64941, 0.94385, 0.20032, 
  -0.62207, -0.28906, 0.00034714, 0.67773, 0.69434, -1.0635, 2.0586, -0.17334, -0.44287, -2.1934, 2.334, 1.4395, 1.7324}
(cuda-gdb) p ((@generic half*)A)[4096*28]@64
$276 = {-0.61084, 0.77393, 1.2197, 0.47437, -1.2783, -0.086731, -0.32935, -0.99561, 0.9624, 0.27124, -0.61865, -1.5156, 
  0.1236, 1.0889, -0.35107, 0.59277, 1.0166, -1.7549, -0.2002, 1.4941, 0.70361, -0.69678, 1.3779, 0.57373, 1.2393, 
  -0.33618, 0.1377, -0.82178, 0.71484, -1.3027, -1.3232, 0.12073, 0.25024, 1.1738, 0.16345, 0.13928, 0.52393, -0.27661, 
  -0.11304, -0.80127, -0.43579, 0.78223, 1.8691, -0.23962, 1.0156, -1.373, 1.4668, 0.75, 1.041, -0.69092, -0.35181, 
  -0.24121, 1.0361, -0.23254, 2.1387, -1.6035, -1.252, -0.76123, 0.28882, -0.05545, -1.4746, 0.53516, -1.1807, -0.20361}
(cuda-gdb) p ((@generic half*)A)[4096*29]@64
$277 = {-0.43018, 0.030243, -1.0391, 0.65918, 1.5518, 0.26489, 2.0195, -0.095947, 0.76123, -1.1621, 0.63086, 1.5869, 
  -0.54541, 1.165, -0.37964, 0.29004, -0.68701, -0.018875, -1.3291, -1.3848, 1.1221, -0.57178, 0.48096, -0.77197, 0.065369, 
  0.8374, -0.017807, 1.2617, 0.30078, 0.5127, -0.41602, 0.55078, 0.1554, 0.19702, -0.53516, -1.2842, -0.50781, 0.021667, 
  1.5957, 0.6875, -1.7412, 0.083252, -0.88623, -0.99658, -0.12494, -1.5312, -0.67285, -0.99951, 1.9883, -1.5459, 0.66553, 
  -0.59863, -0.36182, -0.6377, 2.5195, 1.3389, -0.17493, 0.036438, -0.61865, -0.56348, -0.61084, -1.4883, -0.50928, 
  -0.00057554}
(cuda-gdb) p ((@generic half*)A)[4096*30]@64
$278 = {-0.0074539, -0.92529, 0.062164, 0.50977, 0.33716, 0.98291, 0.35815, 0.56982, 0.12024, -1.1641, 0.11713, 0.20105, 
  -1.0312, -0.77783, 0.57959, -0.78711, -0.45483, -3.1309, -1.1836, 0.6665, -0.8418, 0.521, -0.68311, 0.23071, -0.30981, 
  -0.27319, 1.5361, -0.86963, -0.57129, -0.70605, 0.5752, 0.68213, -1.249, -0.026245, -1.2344, 0.78662, -0.17151, 
  -0.047089, -0.13208, -0.033264, -0.21606, -2.7988, -0.65186, 0.15271, 1.0078, 0.74365, -0.61377, -1.2783, -0.62256, 
  -1.2217, 0.86133, -0.52051, 0.94824, -0.3811, -1.707, -0.76758, -0.64111, -1.4736, 0.14905, 0.16003, -1.1523, 0.93115, 
  0.53613, 1.4268}
(cuda-gdb) p ((@generic half*)A)[4096*31]@64
$279 = {0.81006, 0.521, -0.42017, 0.81885, -0.90527, 2.8652, -1.335, -0.2688, 0.57275, -0.25537, 0.03363, 2.207, -0.58252, 
  -0.34595, -1.7256, -1.082, -0.0035343, -0.20288, -0.16553, 0.0098648, 0.69873, -0.23743, 0.55029, 0.69189, -0.10455, 
  -1.0869, 1.1035, 1.751, 1.0459, 0.3147, 1.2676, 0.80566, 0.1098, -1.2041, -0.078064, -1.957, 0.061523, 2.0391, 0.46753, 
  -0.13599, -0.24536, 0.31738, -0.37061, -0.20752, -0.65088, -0.077942, -0.018967, 0.33813, 0.38159, -0.67432, -0.98584, 
  -0.034271, 0.03775, 0.024094, -0.90967, 0.32373, 0.23816, -0.77002, -0.83643, 0.84521, -0.74805, -0.37378, -0.12067, 
  -1.2842}
(cuda-gdb) p ((@generic half*)A)[4096*32]@64
$280 = {1.7148, 0.25879, 2.2754, -0.60791, 0.39868, -0.69775, 0.37939, -1.5234, -0.95996, -1.2178, -0.28394, -1.4258, 
  -0.17786, -0.44043, 0.89844, -0.48047, 1.7266, -0.81934, -1.002, 1.2832, -0.5249, 1.625, 0.33154, -0.52979, -0.2583, 
  1.0723, -1.1533, -0.83545, -0.7168, 0.28491, 0.44189, 1.7578, 0.46484, -0.93018, 0.6748, -1.1494, 1.7158, 1.0752, 0.4104, 
  -0.78467, -0.37842, 0.66406, 0.65967, -0.063538, -0.271, 1.8418, 0.32471, -0.20007, 1.5518, -0.48999, 1.1953, 0.54639, 
  -0.85596, -1.0859, -1.0713, -0.86719, -0.93066, -1.1914, 0.11346, -0.94434, -0.51855, -0.68262, 0.78906, -0.36597}
(cuda-gdb) p ((@generic half*)A)[4096*33]@64
$281 = {-0.036438, -0.23816, 0.85205, 0.95898, 0.39795, 1.2441, 0.16882, 1.4521, 0.68506, 1.0938, 0.86963, -0.14697, 
  2.2871, -0.3374, -0.065063, -1.3428, -0.12073, 1.1289, 0.88232, -1.0352, -1.1816, -0.56348, 0.92969, -0.75244, 2.0977, 
  -0.45117, -1.0938, 0.7085, 0.30762, 0.29663, -0.73486, -0.064148, -3.377, 1.1992, 0.5498, 0.82324, 0.51953, 2.1172, 
  -0.10046, -0.71143, -0.52441, -0.18542, -0.41016, 0.36353, -0.64502, -0.5166, 0.56201, -0.13562, 0.91064, -1.2891, 
  -0.22083, 1.1357, 0.036407, 0.15039, -1.7891, -0.031113, 1.0293, -1.4277, -1.0684, 0.40308, 0.40552, 0.20923, 1.8115, 
  -0.59717}
(cuda-gdb) p ((@generic half*)A)[4096*34]@64
$282 = {-0.047058, -0.64502, 0.62695, 0.45825, 0.4707, -0.07251, 0.38672, -0.58545, 0.59863, 0.83545, 1.2256, -0.076599, 
  -1.1387, 0.72021, -0.58838, 1.1816, -1.1309, -0.51221, -1.2412, -1.709, 0.73828, 0.23389, -0.47607, 2.0137, 0.89453, 
  -0.12756, 0.22156, -0.75439, 2.0137, -0.69873, -1.5391, -0.32837, -1.127, -0.070007, 0.54346, -1.2891, -0.33301, -0.6875, 
  0.23462, 0.41235, 3.5117, -0.46289, 0.4751, 0.19568, -1.9346, -0.079285, -0.5874, 0.38208, -0.49316, -1.3086, -0.97314, 
  -1.3594, 0.20789, -0.53711, -1.7334, -2.2051, 1.1895, -0.5376, -0.36499, -0.9834, -0.50146, -1.0146, 0.94482, -0.4104}
(cuda-gdb) p ((@generic half*)A)[4096*35]@64
$283 = {0.40063, -0.69678, 0.0033569, 1.6074, 1.8604, 1.2354, 0.82227, -1.042, 0.63477, -0.22144, 1.0303, 0.24597, 0.77148, 
  0.84863, 0.88135, -0.5752, -0.82129, -0.56982, -0.36694, 0.95312, -0.35132, 2.0508, -0.92529, 0.49097, 0.23254, 1.5156, 
  0.65381, -0.062744, 2.0762, -0.80127, -0.19678, 1.2275, 2.2363, -0.11548, -0.7876, -0.57666, 0.39307, 0.55029, -1.3086, 
  -1.1348, -0.23315, 0.92529, 0.49707, -0.093872, 0.11023, 0.74512, 1.585, -0.61572, 0.57275, 0.01049, 0.26416, -0.4021, 
  -0.28394, 1.0176, 0.13379, 0.54346, 1.123, 0.17493, -1.2803, -0.94971, 0.34888, -0.54932, -1.1084, -0.64941}
(cuda-gdb) p ((@generic half*)A)[4096*36]@64
$284 = {0.28369, -0.23157, -1.4688, 0.54834, -0.40308, 1.042, 0.52539, -1.1621, -0.22681, 0.62891, -0.84375, 1.2832, 
  -0.40332, 0.70752, 0.56201, 0.75732, -0.26904, -1.1641, -0.035126, 1.4658, 1.3545, -0.94092, -0.13013, -0.86475, 1.3945, 
  1.3164, -0.43726, -0.58252, -1.2627, 1.4336, 0.41675, 0.14246, 0.49243, 0.40308, 0.066284, -0.20105, -1.0645, 1.3379, 
  -0.73682, -0.32373, 0.54199, -0.44141, 0.79346, -0.43628, -0.88379, 0.93848, -0.20483, 0.27466, 1.4189, -0.4502, 0.56055, 
  0.78906, 0.070435, 0.70703, -0.59131, -1.4678, 0.76221, -0.7251, -1.2119, -1.8281, -0.65186, -0.6665, -0.073059, -0.99512}
(cuda-gdb) p ((@generic half*)A)[4096*37]@64
$285 = {0.20703, 0.29028, -0.88135, 0.49414, -0.36768, -0.22888, -0.23157, 0.76416, 1.2217, -0.011208, 1.8496, 0.55371, 
  -3.0293, 0.29077, 1.4531, 0.39673, 0.36768, 0.19604, -1.8408, -0.23938, -0.42236, 2.4316, 0.59229, -0.22546, 1.415, 
  -1.0645, -0.81689, -1.127, -0.69385, -0.2981, 0.93018, 1.2998, -0.44751, 1.0371, 0.81885, -0.78271, 0.095947, -0.033691, 
  -1.1016, -0.41089, -0.16528, 0.3269, -0.52539, -0.87354, -2.0117, -0.17358, 0.024582, -0.35986, -0.78613, -1.9189, 
  -0.87354, -0.32129, 0.76904, 1.7715, 0.15491, 0.028305, 1.7412, -0.62549, -1.5137, -0.064026, -0.43872, 0.69434, 2.6855, 
  0.12024}
(cuda-gdb) p ((@generic half*)A)[4096*38]@64
$286 = {0.4292, 0.55371, 1.0439, 0.16064, -0.1947, 0.44482, 0.75195, -0.6792, -1.4199, -0.48535, -1.6113, -1.9336, 
  -0.46533, 0.95117, 0.80713, -1.1797, 0.076172, 0.060089, -0.84961, 0.17078, -1.1211, 3.1406, 1.3887, -0.65088, -1.1699, 
  0.075439, -1.4062, 0.57764, 1.1465, -0.82275, -0.19666, 0.74805, 0.97656, 1.0381, 0.20471, 0.99707, -0.73145, 1.209, 
  0.63379, 1.3057, 1.3672, -1.4102, 0.43896, -0.79688, -0.014381, 0.41211, 0.86328, -1.2803, -1.498, 0.41138, -0.51514, 
  0.39233, 1.3457, 0.25073, 2.7305, 0.46436, -1.0459, -0.5083, -1.2705, -1.832, 1.0801, 0.38672, -0.21716, 1.8447}
(cuda-gdb) p ((@generic half*)A)[4096*39]@64
$287 = {1.2998, -0.10638, 2.3594, -0.06781, -1.4395, -1.4941, 1.4795, 0.72217, 0.3833, 0.44702, 0.44336, 0.32422, 0.3689, 
  -1.3643, -0.72021, -0.53662, 0.15833, -0.86621, -0.74609, 0.49854, 0.35986, 1.2686, -0.087952, 0.25488, -0.080322, 
  0.16541, -0.66211, 0.48853, 0.61133, -0.37671, 0.41797, -0.023514, -1.8184, 0.025116, -1.6406, -1.0889, -0.042786, 
  -0.16492, 1.2188, -0.29614, -1.4668, -0.35327, 0.10284, 0.25, 0.75439, -0.11731, -1.0918, 1.7129, 0.22522, -0.72998, 
  0.27661, 0.020508, 0.032745, 1.291, -0.69629, -1.5498, 1.0908, -1.3555, 1.9502, 0.51514, -1.4219, 0.80322, 0.3772, 2.2031}
(cuda-gdb) p ((@generic half*)A)[4096*40]@64
$288 = {0.096924, 0.11523, 0.88281, 0.1925, -0.27612, 0.25122, -0.06897, 1.1484, -1.2607, 0.15967, 1.4912, -0.12671, 
  0.91895, 0.62891, 0.72412, -1.457, 0.51611, 0.86914, 1.127, -0.91846, -0.86719, -0.6665, -0.54932, 0.69092, -1.5439, 
  0.97607, -0.78564, -0.01825, -0.78662, -0.39746, 0.46265, 1.1025, -0.7876, -0.27124, 0.24512, 0.2251, -0.13977, -0.95996, 
  -0.57617, -0.58643, 0.046509, -0.13818, -0.89746, 1.5977, -0.33057, 0.24719, -1.0527, 0.27466, -1.7471, -1.3262, 
  -0.68115, 0.4729, 0.29175, 0.16479, -0.67139, 1.2539, -1.3896, -0.43823, -1.4121, 0.13, -1.2158, -1.4385, -0.95996, 
  1.1436}
(cuda-gdb) p ((@generic half*)A)[4096*41]@64
$289 = {1.6797, -1.2861, 0.10156, 0.7417, -0.85791, -0.88867, 0.69385, 1.4932, -0.40356, -0.31396, 0.32153, -0.15149, 
  1.4053, -1.6758, 0.15588, -2.1387, -0.012207, -0.56641, 0.0177, -1.043, -1.0273, 1.1533, 1.0527, -0.58057, -1.2715, 
  1.5674, 0.19434, 0.80225, 0.56006, 0.35376, -0.97314, 1.1055, -0.22302, 0.24731, 0.12329, 0.6665, 1.1113, -0.98438, 
  -0.99805, 0.094177, 0.035217, 0.63916, -0.58545, -2.4629, 0.82031, 0.097168, -0.77441, -0.89941, -0.072937, -1.709, 
  -0.40771, 0.71387, -0.9751, 0.99854, -1.0127, -0.80029, -0.095642, -0.37549, -0.81494, -1.0098, -1.2637, -0.14893, 
  0.33203, -0.68213}
(cuda-gdb) p ((@generic half*)A)[4096*42]@64
$290 = {1.916, -1.0605, 0.43604, -0.4209, 2.1816, 0.62207, -1.1719, 1.6055, -2.1992, -0.42139, -1.0205, 1.5771, -1.3672, 
  -0.082886, 3.0352, 0.87549, -0.58643, 0.037506, 1.2559, 0.38232, 1.3691, -0.26514, 0.18994, -2.0879, 0.87842, 1.2871, 
  0.94092, -0.16699, -0.30688, -0.79199, 0.6582, -0.19739, -0.87354, -0.15417, 0.46704, 0.74512, 1.2578, 0.26709, -0.24036, 
  1.0479, 0.59082, -0.13879, 1.7354, -0.67725, -0.70557, -1.3916, -0.54492, 1.3564, 0.34937, -0.91504, -0.40942, -0.16675, 
  -1.5732, -0.54492, 0.88818, 0.20935, 0.090271, 1.458, -0.76514, -0.8667, 0.68506, -0.71631, 0.16235, 1.5986}
(cuda-gdb) p ((@generic half*)A)[4096*43]@64
$291 = {0.93262, -1.3945, -2.3047, -1.2783, -0.95752, 1.166, 1.4629, -1.0527, 1.6709, -3.002, -0.48535, -1.0195, -1.2539, 
  -1.1318, -0.88086, 0.52539, 1.54, -1.3701, -1.6777, 0.25806, -0.56543, -0.35278, 1.7324, -1.1182, 0.088623, 1.2373, 
  -0.3606, -4.8161e-05, 0.55615, 2.1895, 0.38403, -0.87744, -0.64746, -1.3818, 0.32471, 0.018326, -0.78271, -0.053864, 
  -0.78125, 0.10437, 0.30273, -0.82715, 0.48071, -2.2305, -0.68701, -0.0849, -1.6973, 1.5527, 1.0811, -0.24817, 0.55811, 
  -0.18286, 0.39526, -0.31104, -1.0762, 0.88477, 0.57275, -0.12512, 1.165, -1.1836, 1.0635, 1.3975, -0.2428, -0.22803}
(cuda-gdb) p ((@generic half*)A)[4096*44]@64
$292 = {1.0693, -2.1562, 0.41895, -0.13831, 0.27734, -0.94629, -1.1846, 0.42603, -0.29932, -0.69727, -0.56299, -2.1797, 
  0.78125, -0.74414, 1.4795, -0.82812, 0.40723, -0.49219, -1.4043, -1.1533, 2.084, -0.83203, 0.27441, 0.29492, 0.83496, 
  0.88135, 1.2422, 0.27881, 0.39893, 0.46631, -3.3516, -1, 0.68457, -1.0723, 1.2148, -0.49048, 1.9453, 0.27295, 0.2981, 
  0.7168, 2.7051, 0.17114, -1.0957, -1.1152, 0.053741, -1.998, -1.5205, 0.42651, 0.0018625, 2.3008, -0.70215, 0.32837, 
  -0.14673, -0.22241, -3.252, 0.10602, -0.80762, 0.74902, 0.68262, 0.28638, -0.85986, 1.8115, 1.0566, -0.20288}
(cuda-gdb) p ((@generic half*)A)[4096*45]@64
$293 = {-0.91309, -1.0605, -0.69678, 1.1338, 0.61963, -0.14221, 1.0781, -0.27588, 1.8848, -1.3271, -0.050842, -0.96631, 
  0.62256, -0.4646, 0.95703, -0.9707, -0.02536, 0.85986, 0.64453, -0.31738, -0.64404, -0.45215, 0.99561, -0.042206, 
  -0.61914, 0.56494, -0.26782, -0.43164, 1.2861, -0.94775, 1.4951, -0.41138, -0.35962, 1.1777, -1.7148, -1.2764, -1.084, 
  -2.3066, 0.60449, -1.7109, -0.69873, -0.51807, -1.2295, 1.166, 0.78418, -0.29102, -0.2771, -0.70996, -0.59033, -0.22473, 
  0.21411, 0.18945, -0.58496, -0.42139, -0.12708, 0.7334, 0.26782, 1.2607, 0.54639, 0.3877, 0.28955, -0.5791, 0.57617, 
  0.40479}
(cuda-gdb) p ((@generic half*)A)[4096*46]@64
$294 = {-0.00021708, -0.7832, 0.16028, 0.2428, -0.24292, -1.085, 0.98828, 0.60352, 0.92188, -0.42041, -0.34375, 0.98096, 
  0.70312, 0.95801, -1.6719, 0.22351, -1.1113, -0.10968, -0.98779, 0.75488, 1.0225, 1.2656, 1.0723, 2.6094, -0.84131, 
  1.4473, -0.625, -1.082, 0.068481, -0.5332, 0.71777, 0.25146, 0.57129, 1.4834, -0.45898, 2.5898, 0.2395, -0.35474, 
  -1.2734, 1.5342, 0.73486, -0.15601, -1.4775, 1.0137, -0.87988, -1.0977, 0.69922, 0.074829, -1.0791, -0.31812, -1.6436, 
  -0.060669, -1.0166, -0.51807, -0.396, 0.32495, -0.8252, -1.4004, 0.32007, -0.012276, 1.0078, 1.4736, 0.24707, -0.23413}
(cuda-gdb) p ((@generic half*)A)[4096*47]@64
$295 = {1.1758, -0.21558, 1.9268, -0.40918, -0.92871, 0.88818, -1.0703, 1.1709, 1.5225, -2.1523, 1.1045, 1.0312, 1.2949, 
  -0.79297, 0.53027, -0.24915, -0.88672, 1.9219, 2.3457, -1.2734, -0.45044, 1.4824, 0.0063019, 0.21558, -1.4307, 0.81396, 
  1.7822, 0.62109, -1.6387, -0.53223, 0.24988, 0.77441, 0.47583, -0.051788, -0.44775, -0.87305, -1.2568, -1.3438, -0.93359, 
  -1.6396, -1.9961, -0.11877, -0.29492, -0.33813, -0.64404, -1.4199, 0.41748, -0.29102, -0.45703, -0.67676, 1.4258, 
  -0.44189, -1.3047, 0.10901, -1.0439, 2.0273, -0.45581, -0.20532, 0.52197, 1.9609, -0.55469, 1.1367, 0.5, -0.23865}
(cuda-gdb) p ((@generic half*)A)[4096*48]@64
$296 = {1.7637, -1.9648, -0.5625, 0.56982, 0.28271, -1.4707, -0.92236, 0.13831, -0.36255, 0.58594, -0.54199, 0.76953, 1.04, 
  0.354, 0.47778, -0.87207, 0.88574, -0.50098, 0.80859, 1.293, 1.8262, -1.1826, 0.1283, 0.50391, 1.876, -0.65869, -0.48975, 
  0.97168, 1.3262, 0.4917, 1.1982, -0.16956, -0.023163, 0.5332, -0.63916, 0.39575, -0.094421, 0.63965, -1.3711, 0.85596, 
  -0.035217, -1.4062, 1.0107, 0.66113, 0.59375, -2.6406, -0.62598, 1.3877, 0.41431, -1.6123, 0.99023, 0.6665, 1.0205, 
  0.62549, 0.4231, 0.18079, -0.46167, -1.0059, 0.5127, -0.73877, -0.61084, 0.24463, -0.2262, 0.77197}
(cuda-gdb) p ((@generic half*)A)[4096*49]@64
$297 = {0.12634, 0.14087, 0.65479, -0.85791, -0.1499, -0.68359, -1.3184, 0.21033, -0.0040894, -1.2646, -0.84033, -0.39868, 
  1.6592, 0.44287, 1.165, -2.7129, 0.87549, 1.5918, 0.50146, 2.1055, 0.35449, 0.51318, 0.5293, -0.67871, -0.32056, 0.2832, 
  -0.63428, -0.29468, -0.27393, 2.0664, 0.92041, -0.68213, -0.5625, 0.65918, 0.70654, -1.5547, 1.0156, -0.25854, -0.39502, 
  1.8291, -0.46655, 0.521, 0.73926, 1.0283, -0.97754, 0.41406, 0.35962, 0.36475, -2.4141, -1.3232, 0.14172, -0.68701, 
  -0.52734, 1.9082, -0.32471, 0.64502, 1.3701, -1.8027, 0.030563, -1.043, -0.59766, -0.52783, 0.26074, -0.30103}
(cuda-gdb) p ((@generic half*)A)[4096*50]@64
$298 = {-0.33618, 1.3877, -2.2617, -0.00097227, -0.54443, -2.2051, 0.29077, 1.0596, 1.8096, 0.021881, 1.0947, -0.17078, 
  -1.4141, -0.44312, 0.76221, 0.37744, 0.10254, 0.84033, -1.3115, 0.40869, -0.28589, -0.25806, -1.5029, -0.16504, -1.458, 
  0.38037, 0.521, -1.5938, 1.1963, -0.11749, -0.44922, -1.0146, -1.6494, 1.0059, 0.73633, 0.0271, 2.3457, 0.0089951, 
  0.96875, 0.58301, 0.87305, 0.71729, 0.1048, -0.11823, 0.14233, 0.85938, -0.91895, -0.059296, -0.025803, 0.64697, 1.127, 
  0.4126, -0.8208, -0.040894, -0.14368, 0.96045, 0.012733, -0.015747, 1.1045, 0.21326, -1.1709, 1.1836, 1.2236, 0.521}
(cuda-gdb) p ((@generic half*)A)[4096*51]@64
$299 = {0.99707, -0.68262, 0.020905, -0.75293, -0.060516, 0.17871, 0.49976, 2.0547, -0.95459, 0.73633, 0.6582, 0.42407, 
  0.29321, -0.048065, -0.91943, -0.25879, 1.3916, 0.60352, -1.2246, 0.9873, 0.020493, -0.67383, 0.32935, -1.0488, 0.1803, 
  -0.45361, -1.1396, 1.5352, -0.90576, 0.14124, -0.50928, 0.80469, 1.0146, -0.27539, 0.55176, -0.2301, -0.56592, -0.302, 
  0.16113, -0.27393, 1.8545, 0.98535, -0.40454, -0.16431, 0.51709, -1.1875, -0.71436, 0.79932, -0.12756, -0.69727, 1.3398, 
  -1.7988, -0.30396, 0.21692, -1.0127, -0.72266, 1.751, -1.793, -1.084, 1.3633, -0.43994, -0.68457, -0.7251, -0.72461}
(cuda-gdb) p ((@generic half*)A)[4096*52]@64
$300 = {1.4834, 1.2412, -0.088318, 0.22144, -0.028702, -1.1611, -1.3848, 1.4307, -0.47559, 0.29395, -0.070679, 1.2236, 
  0.23596, -1.1084, 0.76953, -2.1426, -0.58887, 0.4541, 0.69238, 1.4805, 0.32983, -0.47119, -0.18567, -0.19104, -2.1152, 
  -0.9585, -0.20898, -0.065918, 1.5039, -0.42871, -0.98633, -0.35864, -0.85352, 0.19373, -1.29, 1.375, -0.44287, 1.7988, 
  -0.18726, -1.1338, 0.99902, -0.89795, 0.32129, 1.3506, 1.9404, -1.5693, -0.51367, 2.0332, 1.3955, 1.043, -0.73682, 0.396, 
  0.61621, -0.27783, 0.18982, 0.024063, -0.73438, -1.2852, 0.81885, 1.3164, 1.417, -1.0205, 1.9814, -0.22827}
(cuda-gdb) p ((@generic half*)A)[4096*53]@64
$301 = {-0.9375, 0.62842, 0.59814, 1.4678, -1.4014, -0.14001, 2.3633, -0.037781, 1.2002, -0.3689, 1.2959, 0.5874, -0.58838, 
  -1.374, 0.55078, -2.0742, 0.56543, -0.14099, -0.74902, 0.7666, 1.6387, 0.66211, -0.23474, -1.876, -0.94775, 0.86816, 
  0.72363, -0.62793, -0.28418, 0.33984, 1.7998, -0.36133, -1.79, 0.41992, 0.42603, -2.7871, 0.72461, -0.25513, 0.11664, 
  0.28369, 0.52002, -1.2998, -0.65527, -0.4187, -1.582, -0.60791, -1.1201, -1.1523, 1.4961, 0.60303, 1.3945, 0.82227, 
  -0.60693, 0.65625, -1.5879, -1.8154, -0.24121, -0.42603, -0.053253, 0.41602, -0.76904, -2.4258, -1.5332, -1.1396}
(cuda-gdb) p ((@generic half*)A)[4096*54]@64
$302 = {0.44165, 0.93896, -0.97998, 0.67334, 0.15125, -1.6709, 0.057159, -2.043, 0.37817, 0.089783, 1.2754, 1.0625, 
  -0.040863, -0.41968, -0.30322, 1.7832, 1.248, -0.58154, -1.415, -0.90479, -1.6201, 0.072693, 1.8232, 1.0469, -0.18152, 
  0.35498, 0.74121, -2.3203, -0.83789, -0.43457, 0.57764, -0.50586, 0.16357, 0.47388, -0.35278, 0.32349, -2.0703, 1.082, 
  0.79883, -0.67334, 1.9697, 0.4873, 0.097717, -0.28931, 1.3467, -0.51611, 0.15942, 0.68896, -0.85498, -0.26489, -0.26636, 
  -0.50488, 1.3438, -0.47534, -0.11627, 1.1611, -0.58643, 0.02359, 0.87207, 0.36987, 1.416, -2.1133, 0.09198, -0.11963}
(cuda-gdb) p ((@generic half*)A)[4096*55]@64
$303 = {0.302, -0.43115, -0.40747, 1.6211, -1.0312, 0.80908, 1.6895, -0.73047, -0.74463, -0.19067, 0.68115, -0.23279, 
  0.37891, -0.729, -0.97021, 0.73828, -0.65771, -1.8066, 0.76123, 0.68408, -0.3374, -0.23132, -0.55127, -0.10834, -0.13684, 
  -0.77051, -0.23413, -0.85059, 0.146, -0.021072, -0.14026, -0.11176, 0.69336, -2.3027, -1.0078, 0.62891, 2.7539, 2.0723, 
  0.38818, -0.91553, 1.0518, -0.09729, 1.8242, -0.97021, -0.071716, 1.2627, 1.6387, 1.0186, -1.1904, 1.2012, -1.1172, 
  -0.63428, -0.99902, 1.8271, -0.30762, 0.37158, -1.1006, 0.29346, 1.7754, -2.293, -0.5708, 0.1438, -0.26685, 0.63574}
(cuda-gdb) p ((@generic half*)A)[4096*56]@64
$304 = {-1.6074, 1.4482, -1.3359, -1.79, 1.1279, 0.51025, 2.2148, 0.4519, -0.66748, -0.07666, 0.46289, 0.27417, 0.98291, 
  0.90527, -1.5244, -0.66699, -0.5708, -0.35303, -0.55029, -0.64307, -1.5508, -1.4033, 0.6665, 0.31421, 1.5908, 0.42139, 
  0.27881, 0.56299, -2.0605, -0.48267, 0.34229, -1.4229, -1.0254, -0.13794, 0.086304, -0.33667, -0.46729, -0.56104, 
  -0.23962, 0.1759, -1.0586, -1.0293, -0.76904, 0.54492, 1.8672, 0.35889, 0.16223, 0.86621, -1.291, -0.052795, 1.0557, 
  -1.1826, 0.55615, 0.09082, 0.052765, -0.38086, -0.61035, 0.13416, -0.52539, 0.82422, -0.15747, -0.30078, 0.40625, -1.6338}
(cuda-gdb) p ((@generic half*)A)[4096*57]@64
$305 = {0.58008, 0.40698, 1.4395, -0.52002, 0.66016, -2.7285, 0.73535, -0.76074, -0.24854, 0.74072, 1.1719, -0.40308, 
  -0.51953, -0.50244, -1.0762, 1.8271, 0.17346, -1.1924, 0.58301, 0.13464, -0.11853, 0.94629, 0.59033, 1.1396, 1.4932, 
  -0.017105, 0.56055, 1.8408, -0.64941, 0.70752, 0.44385, -0.02626, 0.8833, 1.0146, -0.68066, 1.1387, 0.50391, 1.0742, 
  0.49316, 0.75391, -0.94873, -0.80811, 0.42871, 0.26147, -0.9668, -1.0654, -0.87207, 0.74365, -0.90088, -0.076843, 
  -1.0264, 0.60693, 0.26294, 0.26758, -0.33521, -1.1406, 0.61914, 0.62354, 0.63477, -2.3027, 0.08252, 0.067383, -1.6953, 
  -0.74023}
(cuda-gdb) p ((@generic half*)A)[4096*58]@64
$306 = {-0.39868, -0.23279, 0.63867, 0.2981, -0.89746, 0.60547, -1.333, 1.8135, 1.3818, 0.19824, -0.37012, 0.8291, 1.8408, 
  0.97021, 0.20679, -1.7383, 0.22656, -0.80762, 0.11194, 1.5273, -0.67236, -0.31543, 0.6499, -1.1973, -0.896, 0.87695, 
  1.4541, -0.33984, -1.0664, -0.51514, -0.23743, 3.2129, 1.584, -0.91797, -0.84668, 0.57959, -1.1006, 0.49878, 0.36572, 
  -0.90283, 0.4978, 0.34692, -0.58936, 0.42334, -1.0488, -0.88623, -1.9717, -0.65137, -1.9141, -0.91895, -0.31274, 0.9707, 
  -0.1604, -1.2861, 0.72168, 1.0381, -0.6665, -0.73486, -1.0312, -0.58496, 0.16907, 0.33228, -0.056183, 0.63574}
(cuda-gdb) p ((@generic half*)A)[4096*59]@64
$307 = {1.2939, -2.4102, 0.065186, 0.45532, -0.28174, -0.40308, -0.46118, -1.8691, 0.57129, 0.011986, -0.6748, 1.71, 
  -0.80518, 1.1172, -1.1963, -0.91357, 0.73584, -0.16382, -0.067444, 1.3184, 0.05011, -0.16919, 0.81494, 0.41699, -1.3301, 
  0.32349, -0.99219, -0.28027, 0.72607, -1.9834, -1.2012, 1.7148, -0.44067, 1.5498, -1.8027, -0.0896, 1.9834, -0.99951, 
  -0.042206, -0.065125, 0.19128, -1.6406, 0.7168, 1.6416, 2.291, -0.76172, -0.35913, -1.3047, -0.49365, 1.5391, -0.5542, 
  1.1631, -0.12537, 0.98633, 0.0041161, 0.019241, 1.0771, 2.4199, 0.15991, 1.9346, 0.045166, -0.74561, 1.7266, -0.55029}
(cuda-gdb) p ((@generic half*)A)[4096*60]@64
$308 = {0.56689, -1.6387, 0.22131, 0.19714, -1.3984, -0.6123, 1.667, 0.40991, 0.7998, -0.96826, -0.016342, 0.76855, 
  -1.7822, 1.248, 0.12366, -1.0156, -1.9746, 1.0566, 0.8667, 0.078979, 0.35596, 0.93359, -0.83203, 0.25586, -1.4414, 
  1.9531, -0.49609, 1.124, 0.33252, -1.0039, -0.084534, 0.55762, 0.38257, -2.4297, 0.80518, 0.56055, -0.15222, -0.94824, 
  0.14246, 0.79932, -2.0039, 0.10211, 0.12329, 0.8208, -0.2301, -0.16943, 0.64844, -0.68701, -0.32812, 0.028351, -0.55762, 
  -0.2002, 0.97217, -0.55615, 0.88623, -0.049835, 1.6436, -0.31079, -0.16125, 1.0293, 1.6045, 0.1076, -1.3848, 1.0049}
(cuda-gdb) p ((@generic half*)A)[4096*61]@64
$309 = {0.61768, -0.75928, -1.084, 1.0039, 0.81885, -1.6074, 0.85547, -0.854, 0.42188, 0.35962, 1.9658, -0.0849, -2.457, 
  -1.332, 0.18481, 1.2744, 0.81592, -0.26343, 0.64111, -1.0811, 0.36572, 0.87451, 0.046417, -0.99805, -0.75049, 0.39746, 
  -2.1484, 0.022537, -0.80273, 0.4082, -0.48071, 0.30933, 0.54492, 0.92432, 0.52734, -0.96777, -0.1499, -1.0449, 1.5664, 
  1.0098, 1.8584, -1.3164, -1.1299, 0.95508, -0.062439, 0.043335, -0.22888, -0.11572, -0.56641, 0.015594, -0.70898, 
  0.45117, -0.44263, -1.1387, 0.18701, 0.68848, -0.79688, -0.025543, 0.05481, 0.68701, -0.55225, -0.10303, -0.87744, 
  0.12659}
(cuda-gdb) p ((@generic half*)A)[4096*62]@64
$310 = {0.2196, 0.69043, -0.68994, 0.76025, 0.99854, 0.17236, -0.62012, 1.0332, -0.44238, 0.26416, 1.1396, 1.1035, 0.71387, 
  0.45337, 0.52344, -1.0449, 0.080627, 0.79492, -0.26953, 1.3555, 1.4414, -0.14612, -1.373, -0.33228, 0.044708, -0.74854, 
  -0.15527, 0.78955, -0.34424, 1.5947, -1.1582, 0.39453, -0.71729, 0.54346, 0.3103, -0.2605, -0.29199, 2.0996, 0.8042, 
  0.66504, 0.18555, 0.8667, -0.055176, -0.36914, -0.20569, 0.91064, 1.2744, -2.0195, -0.28833, -1.1016, 0.086182, -0.87354, 
  -0.22461, -0.04953, -0.70312, -0.78223, -0.50586, 0.99707, 0.41724, 0.54492, -0.0029411, 1.0049, 0.51074, 0.70703}
(cuda-gdb) p ((@generic half*)A)[4096*63]@64
$311 = {0.58105, -0.56982, -1.3271, -0.87402, 0.073914, 1.9922, -0.29077, -1.125, 0.4458, -0.40625, -0.13513, 0.031616, 
  -0.26172, -0.2583, -0.35425, -0.10406, -0.62793, -1.2656, 0.99561, -0.8457, 1.7832, -1.4141, 0.56982, 0.38843, 
  -0.0046844, 0.72217, 0.60352, 0.70312, -1.0029, -0.3208, -0.47949, -0.4082, 0.43115, -0.32935, 0.42358, 0.18701, 1.9385, 
  -0.38623, 2.748, 0.38721, -1.4453, 0.16577, -0.09613, -0.67432, 1.25, 0.3125, 2.0234, 1.1826, 0.08075, -0.29468, 0.10773, 
  -0.60352, -0.041718, -1.1885, 0.5127, -0.19995, -0.27222, -1.9834, 0.59863, 1.8711, 0.13574, -0.44897, -1.3994, -0.49365}
